0.000000 1.000000
0.025253 0.987439
0.050505 0.950071
0.075758 0.888835
0.101010 0.805270
0.126263 0.701475
0.151515 0.580057
0.176768 0.444067
0.202020 0.296920
0.227273 0.142315
0.252525 -0.015866
0.277778 -0.173648
0.303030 -0.327068
0.328283 -0.472271
0.353535 -0.605610
0.378788 -0.723734
0.404040 -0.823677
0.429293 -0.902927
0.454545 -0.959493
0.479798 -0.991955
0.505051 -0.999497
0.530303 -0.981929
0.555556 -0.939693
0.580808 -0.873849
0.606061 -0.786053
0.631313 -0.678509
0.656566 -0.553920
0.681818 -0.415415
0.707071 -0.266474
0.732323 -0.110838
0.757576 0.047582
0.782828 0.204807
0.808081 0.356886
0.833333 0.500000
0.858586 0.630553
0.883838 0.745264
0.909091 0.841254
0.934343 0.916108
0.959596 0.967949
0.984848 0.995472
1.010101 0.997987
1.035354 0.975430
1.060606 0.928368
1.085859 0.857983
1.111111 0.766044
1.136364 0.654861
1.161616 0.527225
1.186869 0.386345
1.212121 0.235759
1.237374 0.079250
1.262626 -0.079250
1.287879 -0.235759
1.313131 -0.386345
1.338384 -0.527225
1.363636 -0.654861
1.388889 -0.766044
1.414141 -0.857983
1.439394 -0.928368
1.464646 -0.975430
1.489899 -0.997987
1.515152 -0.995472
1.540404 -0.967949
1.565657 -0.916108
1.590909 -0.841254
1.616162 -0.745264
1.641414 -0.630553
1.666667 -0.500000
1.691919 -0.356886
1.717172 -0.204807
1.742424 -0.047582
1.767677 0.110838
1.792929 0.266474
1.818182 0.415415
1.843434 0.553920
1.868687 0.678509
1.893939 0.786053
1.919192 0.873849
1.944444 0.939693
1.969697 0.981929
1.994949 0.999497
2.020202 0.991955
2.045455 0.959493
2.070707 0.902927
2.095960 0.823677
2.121212 0.723734
2.146465 0.605610
2.171717 0.472271
2.196970 0.327068
2.222222 0.173648
2.247475 0.015866
2.272727 -0.142315
2.297980 -0.296920
2.323232 -0.444067
2.348485 -0.580057
2.373737 -0.701475
2.398990 -0.805270
2.424242 -0.888835
2.449495 -0.950071
2.474747 -0.987439
2.500000 -1.000000
